[{"id": 0, "img_name": "rgb_107", "width": 638, "height": 478, "position": [0.7185385968196031, 0.46354570800236394, -4.773394532131959], "rotation": [[0.9865284926928116, 0.02097063377458092, -0.1622398398185276], [0.0013095645568207677, 0.9907054119898869, 0.13601864465807642], [0.163584284532227, -0.1343987320365819, 0.9773316543942688]], "fy": 319.79431922909157, "fx": 319.90961125226124}, {"id": 1, "img_name": "rgb_11", "width": 638, "height": 478, "position": [-3.0687859207582524, 0.9714486927701093, -3.1354199463322927], "rotation": [[0.8857393085269507, -0.049333522654558114, 0.46155398478692744], [0.09516754461725352, 0.9925140184686877, -0.07654450727949376], [-0.4543225899971542, 0.11172343838975604, 0.8838036306401146]], "fy": 319.79431922909157, "fx": 319.90961125226124}, {"id": 2, "img_name": "rgb_115", "width": 638, "height": 478, "position": [0.9419951054468693, 0.25834948389481077, -5.051628038167852], "rotation": [[0.9744794192373655, 0.031813048916861375, -0.22221114148804566], [-0.008619079419462633, 0.9944793809348054, 0.10457759016867507], [0.22431133041549162, -0.09999345385643879, 0.9693738887720735]], "fy": 319.79431922909157, "fx": 319.90961125226124}, {"id": 3, "img_name": "rgb_123", "width": 638, "height": 478, "position": [0.9265971375304202, -0.09262309731918107, -4.9727923106642935], "rotation": [[0.9642369302052874, 0.03240704640354671, -0.26305308546314804], [-0.015471813457126737, 0.9976865498161047, 0.06619797054581868], [0.26458980595750803, -0.05976061963731281, 0.9625076118784373]], "fy": 319.79431922909157, "fx": 319.90961125226124}, {"id": 4, "img_name": "rgb_131", "width": 638, "height": 478, "position": [0.7972251792443102, -0.45635873196648596, -4.625416416008717], "rotation": [[0.9636896532672703, 0.025039435537397247, -0.2658482252217928], [-0.015549458939305939, 0.999166520702422, 0.037742260585600804], [0.26657169113074136, -0.03223802995508696, 0.9632757875667339]], "fy": 319.79431922909157, "fx": 319.90961125226124}, {"id": 5, "img_name": "rgb_139", "width": 638, "height": 478, "position": [0.7801005658294226, -0.6593577323278293, -4.250310068566883], "rotation": [[0.9751390620881917, 0.014192175249629957, -0.22113885174578768], [-0.007873681224154506, 0.9995358939014937, 0.029427911011869767], [0.22145386592638677, -0.02695512871840756, 0.9747982387663776]], "fy": 319.79431922909157, "fx": 319.90961125226124}, {"id": 6, "img_name": "rgb_147", "width": 638, "height": 478, "position": [1.009195903932733, -0.5912357387264601, -4.004341082636249], "rotation": [[0.985498730286649, 0.0053455114106976094, -0.16959857933119762], [0.0004139653824580581, 0.9994249424795438, 0.033905943172588014], [0.16968229499881404, -0.03348447188651394, 0.9849297989737221]], "fy": 319.79431922909157, "fx": 319.90961125226124}, {"id": 7, "img_name": "rgb_155", "width": 638, "height": 478, "position": [1.3924123917046116, -0.3685220453895135, -3.8130762563999503], "rotation": [[0.9861363319052326, 0.011121050378389424, -0.1655640574973142], [0.0007038330792146809, 0.9974623527827708, 0.07119241111281399], [0.1659356487180776, -0.07032195261467532, 0.9836260384236329]], "fy": 319.79431922909157, "fx": 319.90961125226124}, {"id": 8, "img_name": "rgb_163", "width": 638, "height": 478, "position": [1.8010276933019558, -0.14986089656947787, -3.568696626045986], "rotation": [[0.9674428265930801, 0.05397557548741858, -0.2472670914707283], [-0.013230830653168187, 0.9864441181520802, 0.16356328097526082], [0.2527435902131223, -0.15496657386019388, 0.955042427639848]], "fy": 319.79431922909157, "fx": 319.90961125226124}, {"id": 9, "img_name": "rgb_171", "width": 638, "height": 478, "position": [2.1069485589513044, -0.06329808646499113, -3.1834977120153978], "rotation": [[0.9197728859046109, 0.14676294050099276, -0.36397593004236656], [-0.0360436170848619, 0.9551134041224122, 0.29403952614085377], [0.3907923950413359, -0.25733057447804375, 0.883777279305514]], "fy": 319.79431922909157, "fx": 319.90961125226124}, {"id": 10, "img_name": "rgb_179", "width": 638, "height": 478, "position": [2.288743739316127, -0.07016384954310968, -2.700372603128944], "rotation": [[0.8560218010481145, 0.24953482009321457, -0.4527240325975519], [-0.056422294120052376, 0.9156460940026591, 0.3980059739047943], [0.5138513412034384, -0.3151580620874555, 0.797892345523321]], "fy": 319.79431922909157, "fx": 319.90961125226124}, {"id": 11, "img_name": "rgb_187", "width": 638, "height": 478, "position": [2.3493386323351797, -0.0693242890359154, -2.2207213617830983], "rotation": [[0.8394460420869844, 0.2662333805392791, -0.47376168007883923], [-0.06064774468843015, 0.9122268867172689, 0.40517151703238724], [0.5400483251420228, -0.3113870489226335, 0.7819117036306269]], "fy": 319.79431922909157, "fx": 319.90961125226124}, {"id": 12, "img_name": "rgb_19", "width": 638, "height": 478, "position": [-2.9528091949721738, 0.8750737880180653, -3.6082372346826213], "rotation": [[0.9107669944873007, -0.07046227959194543, 0.40686428807069785], [0.08799910700489724, 0.9958185569469407, -0.02452669579159443], [-0.4034348013234727, 0.05814179903321948, 0.9131592918468665]], "fy": 319.79431922909157, "fx": 319.90961125226124}, {"id": 13, "img_name": "rgb_195", "width": 638, "height": 478, "position": [2.2956553623024445, 0.03877190293031364, -1.8405182845189645], "rotation": [[0.8718655856990463, 0.1752794802796106, -0.45730460774692466], [-0.051897396713967446, 0.9615689845772806, 0.26961407254320147], [0.4869877418251636, -0.21133431262321606, 0.8474554546523969]], "fy": 319.79431922909157, "fx": 319.90961125226124}, {"id": 14, "img_name": "rgb_203", "width": 638, "height": 478, "position": [2.142188524266651, 0.3452374452684838, -1.652902961937078], "rotation": [[0.8694966865082725, 0.05823309585210235, -0.4904940557219979], [-0.053297173859763076, 0.998289267732537, 0.024040573799242796], [0.49105490875226654, 0.005238747704796443, 0.8711128699042325]], "fy": 319.79431922909157, "fx": 319.90961125226124}, {"id": 15, "img_name": "rgb_211", "width": 638, "height": 478, "position": [1.9019426234364363, 0.7652364230843627, -1.6612413148408214], "rotation": [[0.8201401924389544, -0.02250231218017806, -0.5717199582774249], [-0.06663997420242607, 0.9886690305161527, -0.1345089660080346], [0.5682685796210227, 0.14841561253721403, 0.8093476554427702]], "fy": 319.79431922909157, "fx": 319.90961125226124}, {"id": 16, "img_name": "rgb_219", "width": 638, "height": 478, "position": [1.6088871199227182, 1.100261074478204, -1.8245892872709961], "rotation": [[0.7565164104488977, -0.056262672630982495, -0.651550022937559], [-0.0805221754589914, 0.9806977887695592, -0.17817975856378465], [0.6489985361931614, 0.18726013663061364, 0.7373835780977346]], "fy": 319.79431922909157, "fx": 319.90961125226124}, {"id": 17, "img_name": "rgb_227", "width": 638, "height": 478, "position": [1.2818776659165678, 1.1845520685859852, -2.0858019135673005], "rotation": [[0.6874934138536144, -0.0691744702572417, -0.7228884413051107], [-0.09315642124222871, 0.9788272840842626, -0.18226088201686844], [0.7201907296607218, 0.19264485613910481, 0.6664932650176597]], "fy": 319.79431922909157, "fx": 319.90961125226124}, {"id": 18, "img_name": "rgb_235", "width": 638, "height": 478, "position": [0.9197468439427545, 1.0762220700137803, -2.34953566954602], "rotation": [[0.6025697790812267, -0.11368154417338824, -0.7899279510514585], [-0.10707520039191057, 0.9693371166772562, -0.2211796909593092], [0.7908505312630406, 0.21785789117261123, 0.5719207781282202]], "fy": 319.79431922909157, "fx": 319.90961125226124}, {"id": 19, "img_name": "rgb_243", "width": 638, "height": 478, "position": [0.5150231785292358, 0.9552936897989435, -2.474075659848037], "rotation": [[0.48966050066011113, -0.19434589623510753, -0.8499778036571671], [-0.12155550394021358, 0.9501064027346617, -0.28726657122686844], [0.863398432680492, 0.24398257335140472, 0.44160576348786057]], "fy": 319.79431922909157, "fx": 319.90961125226124}, {"id": 20, "img_name": "rgb_251", "width": 638, "height": 478, "position": [0.08378314084100937, 0.8839285611451596, -2.4161487620349105], "rotation": [[0.35046743502284805, -0.2631708670714062, -0.8988401814079018], [-0.13508221624970207, 0.9354717072109918, -0.3265661952205418], [0.9267822677638876, 0.23586814056297753, 0.29230266578631975]], "fy": 319.79431922909157, "fx": 319.90961125226124}, {"id": 21, "img_name": "rgb_259", "width": 638, "height": 478, "position": [-0.31463534808025495, 0.7640082653685397, -2.263094897859906], "rotation": [[0.22917255177008813, -0.17764794012797533, -0.9570376956439456], [-0.14450218708909127, 0.9661013568151611, -0.2139329013648308], [0.9626001555379342, 0.18732158906061108, 0.19573339732951053]], "fy": 319.79431922909157, "fx": 319.90961125226124}, {"id": 22, "img_name": "rgb_267", "width": 638, "height": 478, "position": [-0.6608126755091888, 0.5669284507375982, -2.0769159858653152], "rotation": [[0.1387019759315883, -0.03244374601140583, -0.9898025890132942], [-0.14912164210415949, 0.9873834113179938, -0.05326100740879998], [0.9790426434680113, 0.15498839440031845, 0.1321139654706468]], "fy": 319.79431922909157, "fx": 319.90961125226124}, {"id": 23, "img_name": "rgb_27", "width": 638, "height": 478, "position": [-2.718160586288907, 0.7490910943329742, -4.102327794574223], "rotation": [[0.9404260824229954, -0.07420047372976324, 0.3318027624912369], [0.07743509413325994, 0.9969913158061724, 0.003481724235225361], [-0.33106281835191126, 0.022418873864574435, 0.9433423580013429]], "fy": 319.79431922909157, "fx": 319.90961125226124}, {"id": 24, "img_name": "rgb_275", "width": 638, "height": 478, "position": [-0.9850271889463762, 0.362800968941452, -1.8561706458126561], "rotation": [[-0.07375148691195016, -0.014913160879769731, -0.9971651396889334], [-0.15710156483723167, 0.9875774266208242, -0.003150357865965189], [0.9848247643636756, 0.15642386026934849, -0.07517818456484439]], "fy": 319.79431922909157, "fx": 319.90961125226124}, {"id": 25, "img_name": "rgb_283", "width": 638, "height": 478, "position": [-1.3273449330074354, 0.2118723767299819, -1.602310201991528], "rotation": [[-0.32329553630711044, 0.12323134587819823, -0.9382398582435865], [-0.15506648182258678, 0.9711832060712339, 0.18099051483534914], [0.9335064983271744, 0.20400297948374976, -0.2948701442036639]], "fy": 319.79431922909157, "fx": 319.90961125226124}, {"id": 26, "img_name": "rgb_291", "width": 638, "height": 478, "position": [-1.6807647902900178, 0.1154481184230903, -1.3850348624023952], "rotation": [[-0.5425919183210716, 0.2544539118384508, -0.800529335454216], [-0.1428532626851749, 0.9111802723796554, 0.3864498111868314], [0.8277602041127968, 0.32404277183150865, -0.4580494804176649]], "fy": 319.79431922909157, "fx": 319.90961125226124}, {"id": 27, "img_name": "rgb_299", "width": 638, "height": 478, "position": [-2.0749132998311453, 0.13728384595391852, -1.1472881393835939], "rotation": [[-0.7506730756627225, 0.3085207182279197, -0.5842130603634236], [-0.12197256364419538, 0.804350447379847, 0.5815006891809354], [0.6493170467446017, 0.5077748755343934, -0.5661731613057086]], "fy": 319.79431922909157, "fx": 319.90961125226124}, {"id": 28, "img_name": "rgb_3", "width": 638, "height": 478, "position": [-3.033896994520168, 1.0219101886450217, -2.734139733469298], "rotation": [[0.8821258461141781, -0.013145483610024829, 0.4708303175009059], [0.096102508329674, 0.983605740578198, -0.15259113668348945], [-0.4611055188458389, 0.1798525600659412, 0.8689273600984359]], "fy": 319.79431922909157, "fx": 319.90961125226124}, {"id": 29, "img_name": "rgb_307", "width": 638, "height": 478, "position": [-2.491954166271845, 0.2161120826108895, -0.8924390003142737], "rotation": [[-0.9210551178349814, 0.23727576273383288, -0.30880039237194307], [-0.08357519895272654, 0.654039781736185, 0.7518292026959951], [0.3803585887422556, 0.7182841891101052, -0.5825763191586473]], "fy": 319.79431922909157, "fx": 319.90961125226124}, {"id": 30, "img_name": "rgb_315", "width": 638, "height": 478, "position": [-2.8774981831270767, 0.27536325419223445, -0.6425948196923196], "rotation": [[-0.9963942412672483, 0.04623514688551756, -0.07113949087489448], [-0.03892811739597587, 0.4958795193935238, 0.8675183594149768], [0.0753864553183773, 0.8671596239669618, -0.4922916502602981]], "fy": 319.79431922909157, "fx": 319.90961125226124}, {"id": 31, "img_name": "rgb_323", "width": 638, "height": 478, "position": [-3.211006860041782, 0.25944238876087294, -0.4010036065224863], "rotation": [[-0.9966884166436398, -0.07820244676590092, 0.02228401777553247], [-0.014134184811977877, 0.4364838424466919, 0.899601067197384], [-0.08007761827186587, 0.8963069968502969, -0.43614371765406335]], "fy": 319.79431922909157, "fx": 319.90961125226124}, {"id": 32, "img_name": "rgb_331", "width": 638, "height": 478, "position": [-3.4540111759990277, 0.10593543427128732, -0.17493830127385748], "rotation": [[-0.9977779854993044, 0.03303352389410741, -0.05786084990809798], [-0.03554175975317553, 0.4706552404242375, 0.8816010594224866], [0.05635490188614971, 0.8816986055111694, -0.46843536808514147]], "fy": 319.79431922909157, "fx": 319.90961125226124}, {"id": 33, "img_name": "rgb_339", "width": 638, "height": 478, "position": [-3.5814918383698533, -0.210282767378673, 0.03397018759179055], "rotation": [[-0.9354972600665814, 0.24143120784041308, -0.2579842016260641], [-0.07865601763318916, 0.5695240283302027, 0.8182026717413147], [0.34446786105238597, 0.7857183675053407, -0.5137981507038891]], "fy": 319.79431922909157, "fx": 319.90961125226124}, {"id": 34, "img_name": "rgb_347", "width": 638, "height": 478, "position": [-3.5783045438523033, -0.6252109953585594, 0.23379978777660088], "rotation": [[-0.8012304451412123, 0.364013427173757, -0.4748936708527824], [-0.11332118348534431, 0.6869869851388367, 0.7177793474483176], [0.587527091419873, 0.6289221788799214, -0.5091844555371232]], "fy": 319.79431922909157, "fx": 319.90961125226124}, {"id": 35, "img_name": "rgb_35", "width": 638, "height": 478, "position": [-2.3979685874543613, 0.6110565629535998, -4.566217559534993], "rotation": [[0.9651361454032131, -0.06609417337179078, 0.2532662257043518], [0.06581728031073784, 0.9977857448426287, 0.009575646262177948], [-0.2533383240820974, 0.007427491847202816, 0.9673492264514062]], "fy": 319.79431922909157, "fx": 319.90961125226124}, {"id": 36, "img_name": "rgb_355", "width": 638, "height": 478, "position": [-3.431894292402362, -1.056327368354476, 0.43652958941986786], "rotation": [[-0.6524763346518558, 0.40557230987177156, -0.6401450883858713], [-0.1345885478687652, 0.7692835593054088, 0.624570835186033], [0.7457617283702994, 0.4936738871438076, -0.447353928842104]], "fy": 319.79431922909157, "fx": 319.90961125226124}, {"id": 37, "img_name": "rgb_363", "width": 638, "height": 478, "position": [-3.1385761367199314, -1.4148397673292175, 0.6485825597226316], "rotation": [[-0.5007204765290266, 0.43151826543545146, -0.7503805641007254], [-0.1468271670846757, 0.8119790285919166, 0.5649175516239658], [0.853065523503577, 0.39304203811107385, -0.34321592166894005]], "fy": 319.79431922909157, "fx": 319.90961125226124}, {"id": 38, "img_name": "rgb_371", "width": 638, "height": 478, "position": [-2.7041355382114487, -1.6113049982916592, 0.8789491114164125], "rotation": [[-0.34609320940457844, 0.4438875162668269, -0.8265490689042639], [-0.1539154325148859, 0.842194971458544, 0.516737524942497], [0.9254888060035052, 0.30605800586230336, -0.22315682156231761]], "fy": 319.79431922909157, "fx": 319.90961125226124}, {"id": 39, "img_name": "rgb_379", "width": 638, "height": 478, "position": [-2.3175832309926565, -1.5652982103173405, 1.0976462092087933], "rotation": [[-0.19594248927110788, 0.43874356501801554, -0.8769895239132127], [-0.15548704658142937, 0.8691110898823556, 0.46954200215623754], [0.968209852895345, 0.22836373967595253, -0.10207684927341575]], "fy": 319.79431922909157, "fx": 319.90961125226124}, {"id": 40, "img_name": "rgb_387", "width": 638, "height": 478, "position": [-2.221890421662808, -1.2135359515675321, 1.2399018804323476], "rotation": [[-0.03614840978722921, 0.41712639142909336, -0.9081293223121896], [-0.15473761724515098, 0.8954275438625414, 0.41745153431457116], [0.9872940606927337, 0.15561197661375276, 0.03217686210949085]], "fy": 319.79431922909157, "fx": 319.90961125226124}, {"id": 41, "img_name": "rgb_395", "width": 638, "height": 478, "position": [-2.3092327349400574, -0.7290325207407068, 1.2870185185040244], "rotation": [[0.1474347175769318, 0.3803482900227695, -0.9130159814207884], [-0.14966512578343336, 0.9210535189986389, 0.35952853191986445], [0.9776826449197301, 0.08363966413717312, 0.19272014011457517]], "fy": 319.79431922909157, "fx": 319.90961125226124}, {"id": 42, "img_name": "rgb_403", "width": 638, "height": 478, "position": [-2.2102447555699247, -0.4384208968199812, 1.2375209528256417], "rotation": [[0.3272352412601136, 0.3423083048513075, -0.8807622388063986], [-0.1359948996324569, 0.9394368415609688, 0.3145851363175139], [0.9351056005347167, 0.016835829286826913, 0.35396902505845274]], "fy": 319.79431922909157, "fx": 319.90961125226124}, {"id": 43, "img_name": "rgb_411", "width": 638, "height": 478, "position": [-1.817564443957666, -0.43740266800177213, 1.1082252382224722], "rotation": [[0.4606124256051967, 0.32028810972194766, -0.8277993235977175], [-0.12525007757356219, 0.9467471791774666, 0.296617930657145], [0.8787198708609665, -0.0329439750220251, 0.47619962522437426]], "fy": 319.79431922909157, "fx": 319.90961125226124}, {"id": 44, "img_name": "rgb_419", "width": 638, "height": 478, "position": [-1.2861908963337765, -0.5347679506589704, 1.0383514010330999], "rotation": [[0.5350259335015476, 0.3003235421690489, -0.7896537345570099], [-0.11605422569913566, 0.9519488892695788, 0.2834161761717023], [0.8368265454550134, -0.05999235149125949, 0.5441711592728685]], "fy": 319.79431922909157, "fx": 319.90961125226124}, {"id": 45, "img_name": "rgb_427", "width": 638, "height": 478, "position": [-0.8111666729530528, -0.5405830972200858, 1.1447028878562557], "rotation": [[0.5631920686052054, 0.2733427930171648, -0.7798066499881653], [-0.1125475067722066, 0.9602835207793088, 0.25532061890700336], [0.8186255264646647, -0.05602925329924176, 0.5715881123634218]], "fy": 319.79431922909157, "fx": 319.90961125226124}, {"id": 46, "img_name": "rgb_43", "width": 638, "height": 478, "position": [-2.0251170753499146, 0.483007411395434, -4.948130042846673], "rotation": [[0.9827409454339242, -0.053056243282219494, 0.17721531879726035], [0.054249027576419986, 0.9985256509054936, -0.001888780234210506], [-0.17685382996884602, 0.011469940389481579, 0.9841702918158076]], "fy": 319.79431922909157, "fx": 319.90961125226124}, {"id": 47, "img_name": "rgb_435", "width": 638, "height": 478, "position": [-0.5248615227551724, -0.3332784450238559, 1.4811095522529], "rotation": [[0.5571751031439325, 0.21540672630026106, -0.8019699786782248], [-0.11350415504756263, 0.9764605545818227, 0.1834164445536384], [0.8226011860090447, -0.011168151609083068, 0.5685090686753814]], "fy": 319.79431922909157, "fx": 319.90961125226124}, {"id": 48, "img_name": "rgb_443", "width": 638, "height": 478, "position": [-0.3927176439762663, -0.052503476762590054, 1.9409352589049704], "rotation": [[0.523234607163032, 0.11136842633613733, -0.8448802397277143], [-0.1174771149407426, 0.9913847187537613, 0.05792639197054392], [0.8440525299601602, 0.0689450000865755, 0.5318100352860172]], "fy": 319.79431922909157, "fx": 319.90961125226124}, {"id": 49, "img_name": "rgb_451", "width": 638, "height": 478, "position": [-0.36950034604092546, 0.10551067655630243, 2.3722373530297305], "rotation": [[0.47616241159160666, -0.022864548913619658, -0.8790600492516093], [-0.12285535541177729, 0.988127890334032, -0.09224876145868323], [0.8707329782625159, 0.15192262750160637, 0.46770032693926655]], "fy": 319.79431922909157, "fx": 319.90961125226124}, {"id": 50, "img_name": "rgb_459", "width": 638, "height": 478, "position": [-0.4062290822053921, -0.04037448741817035, 2.6365211573520497], "rotation": [[0.4558048905868374, -0.08925541755761804, -0.8855932317682517], [-0.1251159022669031, 0.9786557338353639, -0.16303056655457102], [0.881242255408273, 0.18511192578486374, 0.4349087975830784]], "fy": 319.79431922909157, "fx": 319.90961125226124}, {"id": 51, "img_name": "rgb_467", "width": 638, "height": 478, "position": [-0.4544651096379492, -0.5032128867256436, 2.7091128171699084], "rotation": [[0.4831539568963956, -0.03704136149896188, -0.874751502698714], [-0.12235328333868721, 0.9864441665714202, -0.10935072150406183], [0.866944016642135, 0.1598619522448015, 0.4720722701376158]], "fy": 319.79431922909157, "fx": 319.90961125226124}, {"id": 52, "img_name": "rgb_475", "width": 638, "height": 478, "position": [-0.4895922094322921, -1.0169582688038703, 2.748350295596273], "rotation": [[0.5227588164984753, 0.037149814197755045, -0.8516707762264627], [-0.11773497518353963, 0.992622449207362, -0.02896806773171504], [0.8443113734823455, 0.11541475050724757, 0.5232759692301044]], "fy": 319.79431922909157, "fx": 319.90961125226124}, {"id": 53, "img_name": "rgb_483", "width": 638, "height": 478, "position": [-0.4869119079903979, -1.295564197611772, 2.918740017262927], "rotation": [[0.5515779996747753, 0.0659886300293074, -0.8315089963323479], [-0.11481236251479142, 0.9933835952517723, 0.0026747146455643415], [0.8261838970160008, 0.09399219856731872, 0.5555048468914885]], "fy": 319.79431922909157, "fx": 319.90961125226124}, {"id": 54, "img_name": "rgb_491", "width": 638, "height": 478, "position": [-0.4057494780911744, -1.2311067908829856, 3.3017822035707463], "rotation": [[0.567000515131509, 0.05029571810968093, -0.8221804890536111], [-0.11231953318538301, 0.9935321159978774, -0.016681035513364556], [0.8160237363616459, 0.10180508445363622, 0.5689824131497975]], "fy": 319.79431922909157, "fx": 319.90961125226124}, {"id": 55, "img_name": "rgb_499", "width": 638, "height": 478, "position": [-0.21443542804139937, -1.0508398754051222, 3.743230246035197], "rotation": [[0.5902183260374699, 0.03603155717723108, -0.8064391201429347], [-0.10952981185788008, 0.9933392991428441, -0.03578068044043628], [0.7997784367710247, 0.10944753841812592, 0.5902335880058917]], "fy": 319.79431922909157, "fx": 319.90961125226124}, {"id": 56, "img_name": "rgb_507", "width": 638, "height": 478, "position": [0.13614867078281656, -1.0210131796697879, 4.080563330621484], "rotation": [[0.6270602846847984, 0.05407358488139414, -0.7770916591941354], [-0.10457495583911304, 0.9944009977708002, -0.015189938896671553], [0.7719193468117426, 0.09078933335206132, 0.6292041155040399]], "fy": 319.79431922909157, "fx": 319.90961125226124}, {"id": 57, "img_name": "rgb_51", "width": 638, "height": 478, "position": [-1.6330887886390513, 0.37991242331670394, -5.198299684024494], "rotation": [[0.993643732719164, -0.04071244305093132, 0.10495060461355761], [0.04323729539771681, 0.9988248878739601, -0.021894740241926613], [-0.10393588752022664, 0.026293351714749825, 0.9942363858464383]], "fy": 319.79431922909157, "fx": 319.90961125226124}, {"id": 58, "img_name": "rgb_515", "width": 638, "height": 478, "position": [0.5933008339809378, -1.188635979862617, 4.268036160144563], "rotation": [[0.6654280176257777, 0.10065815330080209, -0.739644164130766], [-0.096921638379487, 0.994129323046424, 0.04809454306981579], [0.7401430600718102, 0.03968406775181497, 0.6712774578326058]], "fy": 319.79431922909157, "fx": 319.90961125226124}, {"id": 59, "img_name": "rgb_523", "width": 638, "height": 478, "position": [1.0395782271767005, -1.4160105256802713, 4.351158606996872], "rotation": [[0.6919742819671177, 0.15637730574166264, -0.7047820452771694], [-0.09287745816377399, 0.9874284863207866, 0.1279013767215847], [0.7159227408464742, -0.02304609839471501, 0.6977990444874893]], "fy": 319.79431922909157, "fx": 319.90961125226124}, {"id": 60, "img_name": "rgb_531", "width": 638, "height": 478, "position": [1.3597780428166735, -1.5500903328587199, 4.39665671478535], "rotation": [[0.69389126534913, 0.2104154338376076, -0.6886510415842805], [-0.09365169905864609, 0.9746017752973595, 0.20342256229500238], [0.7139637743860762, -0.07665979904856722, 0.6959734219596473]], "fy": 319.79431922909157, "fx": 319.90961125226124}, {"id": 61, "img_name": "rgb_539", "width": 638, "height": 478, "position": [1.4377646901539152, -1.448853753286001, 4.464291131105211], "rotation": [[0.6609078366661936, 0.25936101601911227, -0.7042248893661351], [-0.09923148522022625, 0.9603444412549376, 0.2605602933904738], [0.7438776403241327, -0.10232505812495557, 0.6604359459520087]], "fy": 319.79431922909157, "fx": 319.90961125226124}, {"id": 62, "img_name": "rgb_547", "width": 638, "height": 478, "position": [1.302529795775199, -1.1121935224616952, 4.562109989625664], "rotation": [[0.5953639364937482, 0.3008242050555116, -0.7450144836010827], [-0.10902722885584865, 0.9489338842976086, 0.29603639404618354], [0.7960244006879956, -0.09502252830025308, 0.5977590422776932]], "fy": 319.79431922909157, "fx": 319.90961125226124}, {"id": 63, "img_name": "rgb_555", "width": 638, "height": 478, "position": [1.0598976424097961, -0.6410045486834469, 4.634980268935888], "rotation": [[0.5126037988040223, 0.3276332351878829, -0.7936584962387833], [-0.119920104853974, 0.9425950187577781, 0.31166295747944744], [0.8502096881966806, -0.06458400586325896, 0.5224675992663633]], "fy": 319.79431922909157, "fx": 319.90961125226124}, {"id": 64, "img_name": "rgb_563", "width": 638, "height": 478, "position": [0.8089404797849022, -0.11170609725986347, 4.663096963916067], "rotation": [[0.43563780297809795, 0.33048381466411697, -0.837257518844393], [-0.12731427453908198, 0.9434317789040237, 0.30614956157501944], [0.8910728253711943, -0.026775488773183746, 0.4530698545323381]], "fy": 319.79431922909157, "fx": 319.90961125226124}, {"id": 65, "img_name": "rgb_571", "width": 638, "height": 478, "position": [0.6551730914088236, 0.384038484987565, 4.597724927370259], "rotation": [[0.3880648723989082, 0.3096308329730658, -0.8680635933400412], [-0.13202764855218016, 0.9508385539053238, 0.2801334403904946], [0.9121262822810234, 0.0058984472226371945, 0.40986687288991847]], "fy": 319.79431922909157, "fx": 319.90961125226124}, {"id": 66, "img_name": "rgb_579", "width": 638, "height": 478, "position": [0.6920400112524012, 0.7646958923348657, 4.413858831110778], "rotation": [[0.3733917905574294, 0.27572158643295774, -0.885751758405937], [-0.13311689653104306, 0.9608531789652878, 0.2429836626817618], [0.9180732337903442, 0.027180420290967146, 0.3954778908492181]], "fy": 319.79431922909157, "fx": 319.90961125226124}, {"id": 67, "img_name": "rgb_587", "width": 638, "height": 478, "position": [0.9176996477664822, 1.0007782271653944, 4.122619986480582], "rotation": [[0.39279011987576457, 0.23900667314842194, -0.8880268756735382], [-0.1310830237564396, 0.9703279355130396, 0.20317711102845953], [0.9102379703192188, 0.03659928624339109, 0.41246494352323226]], "fy": 319.79431922909157, "fx": 319.90961125226124}, {"id": 68, "img_name": "rgb_59", "width": 638, "height": 478, "position": [-1.2529699119237614, 0.316288859227273, -5.264217693958387], "rotation": [[0.998736169929329, -0.03151978509494009, 0.03914800151301771], [0.03312457750818299, 0.9986080965071954, -0.041044268237845426], [-0.03779980475873945, 0.04228915626782618, 0.9983901051304327]], "fy": 319.79431922909157, "fx": 319.90961125226124}, {"id": 69, "img_name": "rgb_595", "width": 638, "height": 478, "position": [1.2672669641447631, 1.0924189185500632, 3.7665780821939636], "rotation": [[0.4411563941097238, 0.21010067381117356, -0.8724899671630596], [-0.1268498043619422, 0.9770467573730789, 0.17113959518500896], [0.8884200375213532, 0.03517585494117516, 0.4576816537285653]], "fy": 319.79431922909157, "fx": 319.90961125226124}, {"id": 70, "img_name": "rgb_603", "width": 638, "height": 478, "position": [1.674932701112106, 1.0446483898517662, 3.3946305582217913], "rotation": [[0.5091963827182535, 0.1953230657528062, -0.8381932616118855], [-0.11925354350148148, 0.9805246784265215, 0.15604469667023832], [0.852348306849369, 0.020500121499429206, 0.5225725871393586]], "fy": 319.79431922909157, "fx": 319.90961125226124}, {"id": 71, "img_name": "rgb_611", "width": 638, "height": 478, "position": [2.0728114332881855, 0.8566040463575023, 3.046153407764283], "rotation": [[0.5905135151756085, 0.2006017939262267, -0.7816986047502748], [-0.10883738705928536, 0.9795608698435431, 0.16915946751355196], [0.7996550578674868, -0.014812918177752675, 0.6002769076701229]], "fy": 319.79431922909157, "fx": 319.90961125226124}, {"id": 72, "img_name": "rgb_619", "width": 638, "height": 478, "position": [2.3963250052341656, 0.5325506939992704, 2.7659866505726782], "rotation": [[0.6819765238920582, 0.22813456922463507, -0.6948831838408489], [-0.09521388754585676, 0.9697144901455668, 0.2249180366714252], [0.725149871735843, -0.0872262914860755, 0.6830440963767099]], "fy": 319.79431922909157, "fx": 319.90961125226124}, {"id": 73, "img_name": "rgb_627", "width": 638, "height": 478, "position": [2.5862845329094086, 0.09007979704589396, 2.5946306064894835], "rotation": [[0.7905861036077166, 0.26615124101822096, -0.551486291476796], [-0.07434643059652805, 0.9356618968750356, 0.34497742388997826], [0.6078208790753442, -0.23173332009158917, 0.7595086881131807]], "fy": 319.79431922909157, "fx": 319.90961125226124}, {"id": 74, "img_name": "rgb_635", "width": 638, "height": 478, "position": [2.6551776732403645, -0.3630412551167869, 2.479147448694654], "rotation": [[0.9254693048970835, 0.2170382365850242, -0.31048505528184805], [-0.03460723352475017, 0.8646169587291039, 0.501238320627821], [0.37723852544653047, -0.4531356513651271, 0.807687548734552]], "fy": 319.79431922909157, "fx": 319.90961125226124}, {"id": 75, "img_name": "rgb_643", "width": 638, "height": 478, "position": [2.6617010441239186, -0.6269076625201324, 2.312302500285706], "rotation": [[0.9987351773455272, -0.04840973711140021, 0.013584656248997348], [0.031801811254129154, 0.8174775966143938, 0.575081754044163], [-0.03894470867210391, -0.5739223609394911, 0.8179831497531508]], "fy": 319.79431922909157, "fx": 319.90961125226124}, {"id": 76, "img_name": "rgb_651", "width": 638, "height": 478, "position": [2.654090427346775, -0.606844623034364, 2.0351511005728726], "rotation": [[0.8963584095239596, -0.28220864963758524, 0.3419062440866034], [0.09097749233358961, 0.871902005477633, 0.4811548490172089], [-0.4338948001121573, -0.4001814224996109, 0.807211330149558]], "fy": 319.79431922909157, "fx": 319.90961125226124}, {"id": 77, "img_name": "rgb_659", "width": 638, "height": 478, "position": [2.6366658245555317, -0.36173508409858923, 1.6691641508463753], "rotation": [[0.7600346781800308, -0.25390124028544026, 0.5982319350764316], [0.11994622174766846, 0.9595130791812154, 0.25484810136361935], [-0.6387176151103364, -0.12193773436347594, 0.759717708814311]], "fy": 319.79431922909157, "fx": 319.90961125226124}, {"id": 78, "img_name": "rgb_667", "width": 638, "height": 478, "position": [2.606316039246088, 0.016651461934062778, 1.246862118283331], "rotation": [[0.6634176021481653, -0.07771491107147403, 0.74420257844026], [0.13305754370803496, 0.9909928627875306, -0.01512732516206207], [-0.7363238249726564, 0.10905750089437806, 0.6677826639531081]], "fy": 319.79431922909157, "fx": 319.90961125226124}, {"id": 79, "img_name": "rgb_67", "width": 638, "height": 478, "position": [-0.9215899909928753, 0.31131463962662753, -5.092016850074187], "rotation": [[0.9995815747739641, -0.025359922700288053, -0.013912213807925154], [0.02463747870768886, 0.9984528156888507, -0.049849468261298935], [0.01515486771074518, 0.049485848114804366, 0.9986598423993167]], "fy": 319.79431922909157, "fx": 319.90961125226124}, {"id": 80, "img_name": "rgb_675", "width": 638, "height": 478, "position": [2.5635461289525647, 0.442974399196066, 0.8030214096714989], "rotation": [[0.5890526341832878, 0.12859544032053088, 0.7977970963161614], [0.14122846751609336, 0.9556804718006947, -0.25832025817162896], [-0.7956579127519475, 0.26483588984042555, 0.5447847623857007]], "fy": 319.79431922909157, "fx": 319.90961125226124}, {"id": 81, "img_name": "rgb_683", "width": 638, "height": 478, "position": [2.5098408817253235, 0.8341506955160884, 0.373656418731203], "rotation": [[0.5063647333032608, 0.3141232406330678, 0.8030699512252326], [0.1471155257091182, 0.8861682985983262, -0.4393890857254851], [-0.8496774558395952, 0.3406351952654447, 0.40251196849836024]], "fy": 319.79431922909157, "fx": 319.90961125226124}, {"id": 82, "img_name": "rgb_691", "width": 638, "height": 478, "position": [2.4452639997387746, 1.1012009175064483, -0.007676948631339833], "rotation": [[0.3752025358809378, 0.4617474861835172, 0.8037489135742059], [0.1532916997568791, 0.824248616469986, -0.5450833633793648], [-0.914179802803672, 0.32772469734598336, 0.23847811408035596]], "fy": 319.79431922909157, "fx": 319.90961125226124}, {"id": 83, "img_name": "rgb_699", "width": 638, "height": 478, "position": [2.369926874774079, 1.1564214342168455, -0.30521893317457566], "rotation": [[0.12462602062858522, 0.5361927003502518, 0.8348447418971916], [0.15657509337103143, 0.8202339334322362, -0.5501822739621248], [-0.9797717056121471, 0.199282920837153, 0.01826806898598538]], "fy": 319.79431922909157, "fx": 319.90961125226124}, {"id": 84, "img_name": "rgb_707", "width": 638, "height": 478, "position": [2.283467784575167, 0.935670627176051, -0.4929768580900777], "rotation": [[-0.29374231506687365, 0.37441278435138337, 0.879505838100804], [0.13948877507571913, 0.9270367958034512, -0.3480598524023498], [-0.9456523325022937, 0.02044128520212426, -0.32453631521334625]], "fy": 319.79431922909157, "fx": 319.90961125226124}, {"id": 85, "img_name": "rgb_715", "width": 638, "height": 478, "position": [2.1807875778731893, 0.505498511156896, -0.5985810570841], "rotation": [[-0.6632454639298114, -0.019051830907012797, 0.748159396329164], [0.09734099192263598, 0.9889881083623472, 0.11147758882117709], [-0.742044598301238, 0.14676358287039973, -0.6540873526334208]], "fy": 319.79431922909157, "fx": 319.90961125226124}, {"id": 86, "img_name": "rgb_723", "width": 638, "height": 478, "position": [2.0509041897063276, -0.020759086052986687, -0.6799799646945472], "rotation": [[-0.8325273101916166, -0.2145992890141251, 0.5107302839461773], [0.06326593709150757, 0.8790607869180607, 0.47249291434574253], [-0.5503596087914194, 0.4256750850797258, -0.7182652873091689]], "fy": 319.79431922909157, "fx": 319.90961125226124}, {"id": 87, "img_name": "rgb_731", "width": 638, "height": 478, "position": [1.8941713819140247, -0.5070173649610598, -0.7733188422190832], "rotation": [[-0.8972301097036848, -0.24764793819325082, 0.3655798530413641], [0.043816699945854194, 0.773901977509886, 0.6317878014113149], [-0.4393839176016443, 0.5828775410966869, -0.6835170407810703]], "fy": 319.79431922909157, "fx": 319.90961125226124}, {"id": 88, "img_name": "rgb_739", "width": 638, "height": 478, "position": [1.6992356402303526, -0.8382375971013826, -0.9419876564514674], "rotation": [[-0.9224399760887544, -0.2420727205690267, 0.3008409687354572], [0.033546965929868874, 0.7259117428926375, 0.6869692442951674], [-0.38468050586204466, 0.6437801950098211, -0.6614892054469508]], "fy": 319.79431922909157, "fx": 319.90961125226124}, {"id": 89, "img_name": "rgb_747", "width": 638, "height": 478, "position": [1.4508138579006393, -0.9009080584520083, -1.2260356941259367], "rotation": [[-0.932126490202211, -0.2237157433232486, 0.2847656447899461], [0.029623326243390966, 0.7366161531003397, 0.6756619728340013], [-0.3609191942881191, 0.6382381288993815, -0.6799922249654267]], "fy": 319.79431922909157, "fx": 319.90961125226124}, {"id": 90, "img_name": "rgb_75", "width": 638, "height": 478, "position": [-0.6436012556692373, 0.37419786443350983, -4.704189029178022], "rotation": [[0.9986324020407267, -0.02113616369784396, -0.04781828288956374], [0.019501667827462137, 0.9992180793507455, -0.0343935291959775], [0.048507840049993256, 0.03341395640664498, 0.9982637411881387]], "fy": 319.79431922909157, "fx": 319.90961125226124}, {"id": 91, "img_name": "rgb_755", "width": 638, "height": 478, "position": [1.1802296532886023, -0.7272437719689876, -1.5569502433417859], "rotation": [[-0.9396820509817052, -0.18470006069969705, 0.2878949993319492], [0.02593277728378418, 0.8007849179113002, 0.5983903461020591], [-0.3410647066542717, 0.5697625846116263, -0.7476934285196801]], "fy": 319.79431922909157, "fx": 319.90961125226124}, {"id": 92, "img_name": "rgb_763", "width": 638, "height": 478, "position": [0.912158760015889, -0.49700638244718204, -1.7851291557637403], "rotation": [[-0.9496113100911326, -0.1279467330550587, 0.28612583463843344], [0.021635256254305603, 0.8839503523109292, 0.46707996139440033], [-0.31268238746979843, 0.4497348198104317, -0.8366410917569524]], "fy": 319.79431922909157, "fx": 319.90961125226124}, {"id": 93, "img_name": "rgb_771", "width": 638, "height": 478, "position": [0.6665226669201451, -0.3043241949818497, -1.8303952409779716], "rotation": [[-0.959277218686348, -0.075465907841381, 0.27219866726907505], [0.01659615084990934, 0.946927221157401, 0.3210193227955126], [-0.281978342229242, 0.31246397325899616, -0.9071132674197029]], "fy": 319.79431922909157, "fx": 319.90961125226124}, {"id": 94, "img_name": "rgb_779", "width": 638, "height": 478, "position": [0.44652612387526586, -0.16186828637523118, -1.7033419448756495], "rotation": [[-0.9650565318419705, -0.040479840555107026, 0.25889625887173573], [0.013681376814151127, 0.9788650067422925, 0.2040493041004576], [-0.26168437148140294, 0.2004611710133534, -0.9441062485961726]], "fy": 319.79431922909157, "fx": 319.90961125226124}, {"id": 95, "img_name": "rgb_787", "width": 638, "height": 478, "position": [0.2655547197236959, -0.06911901351020491, -1.4355766988412109], "rotation": [[-0.9662956947327566, -0.02318563918749788, 0.25638848741003534], [0.012862219417553928, 0.9903438962125185, 0.1380345266455576], [-0.25711319229590957, 0.13667989380327897, -0.9566668244364548]], "fy": 319.79431922909157, "fx": 319.90961125226124}, {"id": 96, "img_name": "rgb_795", "width": 638, "height": 478, "position": [0.10054714476560117, -0.0016335691360895455, -1.043058631502358], "rotation": [[-0.962192936691235, -0.018329067260812192, 0.2717513530322266], [0.015216173752380793, 0.992557558025645, 0.1208220263962889], [-0.27194341440423697, 0.12038911620041408, -0.9547529733196165]], "fy": 319.79431922909157, "fx": 319.90961125226124}, {"id": 97, "img_name": "rgb_803", "width": 638, "height": 478, "position": [-0.06875710632170474, 0.04645245030067051, -0.5525825717548067], "rotation": [[-0.951466923108244, -0.025209097477156123, 0.30671680037995536], [0.021181760369600646, 0.988911634179625, 0.14698677767686535], [-0.30702121630039664, 0.14634985886078153, -0.9403827367369382]], "fy": 319.79431922909157, "fx": 319.90961125226124}, {"id": 98, "img_name": "rgb_811", "width": 638, "height": 478, "position": [-0.22002345902274761, 0.06824686727233134, 0.00941925665609589], "rotation": [[-0.9389611134528246, -0.041109383423363954, 0.3415582615279302], [0.02711529502680216, 0.9809024272298339, 0.19260111378242345], [-0.34295304080739764, 0.19010640927957, -0.9199145422004087]], "fy": 319.79431922909157, "fx": 319.90961125226124}, {"id": 99, "img_name": "rgb_819", "width": 638, "height": 478, "position": [-0.40302686916759217, 0.05534935195178783, 0.6086790013395967], "rotation": [[-0.9312314189923923, -0.05479061808369424, 0.360286042543174], [0.030866429739944027, 0.973222431038486, 0.22778358860692435], [-0.36311886180219854, 0.22323997826004688, -0.9046041146877063]], "fy": 319.79431922909157, "fx": 319.90961125226124}, {"id": 100, "img_name": "rgb_827", "width": 638, "height": 478, "position": [-0.5546964542562021, 0.05526482744503479, 1.2410352613544424], "rotation": [[-0.9347748816411102, -0.05782567523621789, 0.